0
[[[[-0.09915921 -0.05558689 -0.02086404 -0.00928308  0.11190843
     0.02956382 -0.09785523  0.03216328  0.09707807  0.09794775
     0.07473332 -0.00757917 -0.02636714 -0.1395062   0.01485277
    -0.10954122 -0.0731769   0.04335028 -0.07462974 -0.10558263
     0.13512573 -0.08370345  0.04077273 -0.01773118 -0.0214413
    -0.0446807   0.02158536 -0.01957596 -0.03538612 -0.08357574
    -0.1367972   0.10979   ]]

  [[ 0.10261932 -0.03161824 -0.14611547  0.11243647  0.0033404
    -0.13844323 -0.07649841  0.02345678  0.07087792 -0.02435815
    -0.03101731 -0.04414243  0.00368926 -0.09023412 -0.12988849
    -0.01787638  0.10612939  0.07401182 -0.12727    -0.05531125
     0.02141573 -0.13374986 -0.02803995  0.00039341 -0.0551732
    -0.11611433 -0.0951471  -0.07424446  0.03216092 -0.10492468
    -0.07648323 -0.00611442]]

  [[ 0.01275213  0.12615594  0.13413367  0.08317541  0.12283233
    -0.1306039  -0.11808494 -0.03955144 -0.1034692  -0.12047274
    -0.13089103  0.07040294 -0.03862124 -0.06191345 -0.12771763
    -0.12612383  0.05026343  0.12027024 -0.11804142  0.13035768
     0.06739954 -0.13698992 -0.03920031 -0.13478364  0.01510064
     0.05117535  0.03382332  0.05447776  0.08923385  0.06304853
    -0.09452131 -0.09614699]]]


 [[[ 0.09788665  0.04976789  0.11007557 -0.07478942 -0.05156501
    -0.10266709  0.03442324 -0.01787163  0.00504502 -0.00887466
    -0.08007512 -0.10492943 -0.09547075  0.07795803 -0.01213985
     0.14024264 -0.06824013 -0.08527931  0.11650899  0.10189048
     0.07441411  0.00240827  0.09447639 -0.07837339 -0.13665739
    -0.08539478  0.03879043 -0.01602062  0.03975013  0.00730099
     0.04258753 -0.10280339]]

  [[ 0.09849659 -0.1157715  -0.04070755  0.0202451  -0.12984991
     0.05337769  0.01617494  0.12019693  0.01828358 -0.07956103
    -0.07623957  0.09359665 -0.05403013 -0.10323747  0.05329052
    -0.01418317 -0.1381883   0.12441154 -0.03585043 -0.089668
    -0.05792956 -0.07911816 -0.12110325  0.11771432 -0.00995265
     0.0581082   0.09105626 -0.01501121  0.12188822 -0.06916339
     0.08731382  0.01517388]]

  [[-0.14396463  0.08599249  0.0048271  -0.11147251  0.01015147
     0.06887775 -0.00065385  0.11628661  0.12822047 -0.08724537
     0.05325139  0.13914193  0.04756052 -0.13522507 -0.03178478
    -0.07591903 -0.10139191 -0.10752048  0.03570841 -0.12168141
    -0.07245438 -0.12163206 -0.02259087 -0.10949913 -0.02809928
     0.15936916  0.12183608 -0.11742149  0.13562205  0.14764503
    -0.06221644 -0.1365347 ]]]


 [[[-0.09537752  0.03475576 -0.02455586 -0.03787909 -0.11526605
     0.05451478  0.079795   -0.04532068  0.03462306  0.07919309
     0.07932477 -0.1426885  -0.02269712  0.02647754 -0.01836608
     0.15561917 -0.01833452 -0.00036482  0.05629175  0.12535004
     0.05799006  0.09977468  0.1239058  -0.11535449 -0.01267079
    -0.06689835  0.00125378 -0.01250981  0.11991856  0.05938689
     0.09088531  0.08897564]]

  [[ 0.07887093 -0.03351586  0.07110719 -0.04097217  0.02376906
     0.14837658  0.06029866  0.1248643  -0.12561147  0.03363204
    -0.11118049 -0.02493584  0.04388181 -0.05832773 -0.03918047
    -0.07756164  0.12378775  0.01679666  0.13252383  0.03054785
    -0.10313702  0.02550923  0.02073975 -0.0612642  -0.06015376
     0.10384934  0.07448195  0.03535636  0.06491213 -0.10338111
    -0.02677588 -0.01107573]]

  [[ 0.0144717  -0.10209741 -0.12094935  0.02529413  0.04157149
    -0.01400401  0.09907085 -0.10879243 -0.05870857  0.0791902
    -0.06388706  0.0501661   0.09042389  0.04778933  0.08713514
     0.09008697  0.12578528 -0.01421789 -0.0109957  -0.06115959
    -0.06973358 -0.11207473  0.06294627  0.02233149  0.0052952
    -0.0952105  -0.04147063 -0.04693558 -0.0051986   0.05052148
     0.14206778  0.10482696]]]]
1
[-0.0085935   0.02749361  0.01963672  0.0240118   0.00258394  0.02026966
  0.00767575 -0.01331799 -0.00668188  0.02021843 -0.00656679 -0.00238019
  0.02157696 -0.00645088  0.00582985  0.02655494  0.00387835 -0.0126439
  0.01821087  0.02594799 -0.00619739 -0.01044173 -0.01216664 -0.00377595
  0.          0.02465814 -0.01161188 -0.00837857 -0.01319949  0.02963004
  0.02427047  0.02354468]
