0
[[[[-1.37177080e-01  2.63950843e-02  7.25703984e-02  5.29856198e-02
     2.33881697e-02  1.75270252e-02 -5.32837808e-02  1.26941785e-01
     3.12676355e-02 -2.48407219e-02 -7.15424865e-02 -7.26276338e-02
    -1.24775320e-02  1.48308771e-02 -4.59686108e-02  1.21142596e-01
     1.27008736e-01 -4.74143252e-02  9.87625122e-02  4.50978428e-02
     8.96604657e-02 -1.23417228e-01 -1.45440521e-02 -1.07739732e-01
    -1.08451389e-01  7.72673488e-02 -6.56402558e-02 -7.63521018e-03
    -1.36029115e-02  1.20319813e-01 -9.26726013e-02  3.63607928e-02]
   [-1.11679137e-01 -8.79700016e-03  1.18578650e-01  6.37879521e-02
    -1.20567560e-01 -9.40506086e-02  5.97591922e-02  9.02778506e-02
     1.02714725e-01 -1.00071773e-01 -7.75905401e-02  7.42142424e-02
    -6.98655844e-03  5.30617163e-02 -1.12183452e-01  6.54523820e-02
     2.10555140e-02 -1.18422925e-01 -2.80097071e-02  9.05533284e-02
    -7.65344948e-02 -2.64557302e-02 -5.57479635e-02  1.01765737e-01
     3.03486437e-02  6.56354725e-02  7.11778877e-04  4.62319292e-02
    -8.52389932e-02 -4.27349322e-02  5.14100753e-02 -6.92264549e-03]
   [-1.15940161e-01  1.93966236e-02  4.88455407e-02 -1.11377537e-01
     7.22878426e-02  1.09769642e-01  1.45613313e-01 -1.28012598e-01
    -4.94266637e-02  8.02337006e-02  2.87982188e-02  7.92645887e-02
     1.36655718e-02 -5.93997650e-02  1.32534176e-01 -4.50390801e-02
    -1.01969965e-01  7.10180327e-02  4.29789424e-02 -9.26355459e-03
     1.18687809e-01 -9.71917659e-02 -7.09302202e-02 -1.15629368e-01
    -4.20357808e-02 -2.26104539e-02 -1.17759049e-01 -2.20764950e-02
     1.14104584e-01  1.75871607e-02 -3.77233215e-02  4.33279052e-02]]

  [[ 1.24514520e-01  3.96950200e-04 -4.01172489e-02 -2.77923550e-02
     6.15202524e-02 -1.04560718e-01  1.76844150e-02  1.37819678e-01
    -1.01853624e-01  1.03951417e-01  3.37473899e-02 -1.16050042e-01
    -1.18026778e-01 -2.64559165e-02 -4.49281826e-04  8.11406597e-02
    -1.82139985e-02  7.56598935e-02  4.75299172e-02  9.26180109e-02
     1.21458173e-01  1.91511363e-02 -5.22266179e-02 -3.16228601e-03
    -4.31721173e-02  1.38400406e-01  1.24637960e-02  1.12059295e-01
    -7.40105240e-03  2.57677827e-02 -1.07131071e-01 -1.23138204e-01]
   [ 1.14467546e-01 -9.01670381e-02  9.94829610e-02  7.59564191e-02
    -1.19265184e-01 -3.30764093e-02 -2.16173064e-02 -1.05325207e-01
     1.13083497e-02  9.91808549e-02  1.16019696e-01  1.23277523e-01
     2.02560127e-02  1.65207603e-03 -7.96603039e-02  2.01837216e-02
    -7.59085566e-02 -7.42352754e-02  5.59336655e-02  2.78574545e-02
     5.16902953e-02 -1.99821517e-02 -6.45230934e-02  1.40430316e-01
    -4.18066569e-02 -1.02234736e-01  1.08623877e-01 -4.42699529e-02
     3.67811918e-02  1.33012775e-02 -1.21983089e-01 -1.75195560e-02]
   [-7.15912953e-02 -8.69635269e-02 -1.62635017e-02  1.17699102e-01
     1.20562866e-01  4.15060259e-02  3.07987407e-02 -6.28272891e-02
    -6.37473240e-02  6.97141364e-02  1.22770861e-01  1.04853548e-01
     4.53464538e-02 -3.57352160e-02  2.54748464e-02 -8.96208361e-02
     1.89118348e-02 -5.52645586e-02 -8.49019587e-02 -9.54973623e-02
    -4.41278219e-02  1.28552333e-01 -1.34758502e-02 -1.12472713e-01
     7.83381343e-04  9.77416635e-02  6.02394948e-03  6.71629459e-02
    -5.68205565e-02  2.46018562e-02 -6.40930235e-02 -4.03640978e-03]]

  [[ 1.33359373e-01  1.50145903e-01 -1.15609556e-01  7.16446787e-02
    -4.66823429e-02 -9.64544863e-02  1.03788905e-01  4.22368497e-02
    -3.66362520e-02  9.74735692e-02  2.54509896e-02  3.44717838e-02
    -1.07101135e-01  1.51635617e-01  1.14179350e-01  2.47627124e-03
    -1.27867684e-02  6.57240078e-02 -5.39478147e-03  6.31822785e-03
     1.09229714e-01 -1.33362129e-01  5.06936153e-03  9.38134342e-02
    -8.65852088e-02  6.93051592e-02 -2.15185061e-02 -3.08870692e-02
    -2.72222329e-02 -4.10121381e-02  1.04626760e-01  1.02564827e-01]
   [-9.37179700e-02  6.35370240e-02  4.02063467e-02  3.10569331e-02
    -6.46075234e-02  1.30360156e-01 -4.80896123e-02 -2.20716503e-02
     1.14486657e-01  1.71721503e-02  3.31117697e-02  1.35540619e-01
    -2.76744962e-02 -1.12913132e-01  2.44276486e-02 -1.38816446e-01
     9.98549312e-02  5.35986386e-02  2.14288533e-02 -1.12678677e-01
     1.11515686e-01  4.32628542e-02  3.78886797e-02 -5.61167523e-02
    -3.49704102e-02 -3.07765193e-02 -2.73289457e-02  1.88311320e-02
    -5.57291657e-02  1.30165502e-01  4.10699360e-02  1.35487139e-01]
   [-1.35303602e-01  5.55547550e-02  2.16515139e-02 -2.38474142e-02
    -4.38973010e-02  6.28056079e-02 -8.93739536e-02 -1.10845283e-01
     9.08003971e-02 -2.61333212e-02  6.87473174e-03 -1.85534321e-02
     1.04023814e-02 -8.27453937e-03 -1.15884885e-01  1.18152462e-01
     4.80619408e-02  7.69004449e-02  9.91450176e-02  2.39244495e-02
    -1.15338191e-01 -7.42668957e-02  1.09946214e-01 -5.33374734e-02
    -1.21785611e-01  1.26475930e-01  1.14157230e-01  4.86623682e-02
    -3.67991477e-02 -5.22784144e-02  1.48529997e-02  6.56665713e-02]]]


 [[[-3.78870554e-02  1.54118106e-01  7.13762939e-02  1.23424686e-01
    -5.19441534e-03  4.75525446e-02 -6.08295165e-02 -6.96325302e-02
     3.68752121e-03 -6.97440431e-02 -1.11021817e-01 -6.80174381e-02
     6.60274178e-02  1.91311818e-02  1.28584817e-01  8.31609890e-02
     1.04029492e-01 -4.27118912e-02 -1.20329246e-01 -8.41979459e-02
     2.68565980e-03 -1.01139203e-01 -8.36626291e-02 -1.11063354e-01
     9.01547298e-02  2.67739408e-02  5.91446422e-02  1.75540242e-02
     9.02662519e-03  1.10627472e-01  6.76136911e-02  8.70517045e-02]
   [-1.08762354e-01  8.27825740e-02  3.97965824e-03 -5.76298572e-02
     9.41770002e-02  2.71340273e-02  2.17991695e-02 -1.08306967e-01
    -5.84416054e-02 -8.57238099e-02  7.09126219e-02 -5.72273396e-02
     2.33926177e-02  9.03293863e-02 -1.15696818e-01  6.12568110e-02
    -1.39359787e-01  5.45496941e-02  1.02464758e-01 -3.60446274e-02
    -7.10260347e-02 -9.57031846e-02 -1.35718063e-01 -1.23285711e-01
    -1.34636723e-02 -7.76081681e-02 -1.62786618e-02 -7.25094974e-03
    -6.17188541e-03 -5.11347614e-02  1.24921389e-01  8.14172328e-02]
   [-1.30935803e-01 -1.10627212e-01  9.23932493e-02 -2.08956171e-02
     8.78395513e-02  1.33977681e-01 -4.60047759e-02  2.99633741e-02
     1.32171959e-01 -1.20172203e-01  6.34343624e-02  7.42375702e-02
    -5.80708459e-02  5.16981967e-02 -7.56583139e-02  1.07103638e-01
    -5.33063263e-02 -1.36608019e-01 -1.02931805e-01  7.55410343e-02
    -6.77583739e-03 -1.30276248e-01  9.13892388e-02 -1.26314163e-01
     6.16246164e-02 -8.31317157e-02  4.65611704e-02 -1.59063693e-02
     4.11654003e-02 -1.12742431e-01  1.23704839e-02  3.12548093e-02]]

  [[ 1.12522595e-01  2.95332596e-02 -6.15122132e-02 -1.13863841e-01
     4.78172228e-02  1.29380807e-01 -1.04956642e-01 -7.32636973e-02
    -2.45770104e-02 -1.05125709e-02 -1.04609698e-01  4.84881401e-02
    -1.35174990e-01  3.23499814e-02  6.71461076e-02 -1.04495697e-01
    -1.30527467e-01  8.35227296e-02 -9.82603654e-02 -3.55838835e-02
     7.27546513e-02 -1.19837038e-01  8.66788402e-02  8.05513561e-03
     3.75656262e-02  1.28207859e-02  5.03085293e-02  8.02615508e-02
     5.72860613e-02 -8.74288231e-02 -8.61964375e-02 -4.88809124e-02]
   [ 1.05847962e-01 -1.01250939e-01 -7.52369240e-02  1.42625138e-01
    -9.32669342e-02  1.02827296e-01 -9.06634629e-02 -6.74968492e-03
    -1.20250218e-01  1.34140953e-01  1.33933574e-01  9.03735030e-03
     1.21507183e-01  1.37140647e-01  1.02615103e-01 -1.81691684e-02
     1.19634345e-01  1.35089532e-01  3.64858881e-02  1.55354351e-01
    -8.18069801e-02 -1.18044153e-01 -1.01105742e-01  1.46610280e-02
     6.62459135e-02  2.74081826e-02  1.53315943e-02 -1.16770893e-01
    -1.57999415e-02 -7.18901157e-02  1.28061861e-01  4.13079411e-02]
   [ 1.10696368e-01 -4.59773540e-02 -7.27844366e-04  1.12657537e-04
    -6.22012429e-02 -8.52430910e-02  2.37098206e-02 -2.80917436e-02
     4.47343364e-02  2.57240050e-02  1.07313089e-01 -6.24735234e-03
     1.52713209e-02 -6.90336823e-02  1.24843314e-01 -4.54198793e-02
    -2.64852457e-02  1.26125112e-01  1.13288127e-01  1.12591803e-01
     7.12522566e-02 -9.65423211e-02  3.84880677e-02 -1.03864461e-01
    -4.77841049e-02 -8.45113546e-02  1.34115145e-01  3.27402130e-02
    -9.09582153e-02  1.36614695e-01  3.02854907e-02  9.72764269e-02]]

  [[-8.56696367e-02 -8.08887333e-02  1.28473982e-01 -1.28634635e-03
    -9.06154141e-02 -1.30254641e-01  1.43485948e-01 -9.52433236e-03
     7.01069683e-02  1.36888638e-01  8.32259133e-02 -5.32095842e-02
    -9.27121937e-02  7.45615736e-02  6.67661130e-02 -9.94840711e-02
    -1.07580937e-01  6.29648417e-02 -1.08513899e-01 -7.49330223e-02
     8.68725181e-02  2.03783810e-03 -4.57818955e-02  1.46229509e-02
    -1.26620099e-01  1.32872671e-01  3.09690796e-02  1.25753254e-01
     1.12246707e-01  1.16755441e-01 -6.61185980e-02 -2.40247808e-02]
   [ 1.01534724e-01  1.01840302e-01  2.45896392e-02 -1.15315892e-01
     1.38591141e-01 -7.66864195e-02  1.09106652e-01 -1.21617906e-01
     5.63421361e-02 -3.28841992e-02  2.64168307e-02  1.63094960e-02
    -1.05549216e-01 -8.14421847e-02  4.02641669e-02  1.34149387e-01
     1.07498609e-01  1.37333855e-01  8.08799341e-02 -8.14680606e-02
    -1.29680289e-02  9.35720652e-02 -2.86101550e-02  9.11654159e-02
    -3.57488319e-02  1.22166872e-02  1.20980330e-01  8.91815946e-02
     5.46306698e-03 -1.35483712e-01  2.97140423e-02 -1.07351609e-01]
   [ 5.68690449e-02  9.42356288e-02 -9.19751376e-02  1.28409669e-01
     1.92088019e-02  5.66273443e-02 -1.00226484e-01 -9.53906700e-02
     7.10428134e-03 -9.78836138e-03 -4.92338426e-02 -7.81786218e-02
    -4.71743941e-03 -6.43522069e-02 -4.23884392e-02 -8.86954442e-02
     3.78412604e-02 -9.57076401e-02  8.71325210e-02  4.21055518e-02
    -2.14937255e-02  1.34779051e-01  2.43368447e-02  1.43460616e-01
    -2.54914556e-02  4.77301925e-02 -6.64811805e-02 -7.61787128e-03
     5.42407632e-02  2.09662169e-02  5.98760955e-02 -6.70766905e-02]]]


 [[[-1.50229689e-02  1.49128750e-01 -5.35089709e-02 -4.57158387e-02
     5.04411245e-03  5.26649766e-02 -5.91045730e-02  2.55952757e-02
     7.21424371e-02 -6.80502057e-02 -1.08294420e-01 -4.93611172e-02
    -8.38640630e-02  9.43539571e-03  7.54213259e-02  1.02039643e-01
     1.32287949e-01 -1.26387760e-01  1.35626355e-02  1.03481814e-01
    -9.43273231e-02  6.94058836e-03  6.95214197e-02  1.04663789e-01
    -1.00571349e-01 -6.55172318e-02 -5.29915057e-02  1.58262544e-03
    -9.33357403e-02 -1.55447517e-02 -9.18246135e-02 -1.32330343e-01]
   [ 1.09286413e-01 -7.38702621e-03 -1.09969564e-01 -3.20806801e-02
     1.30137727e-01  3.37133668e-02 -7.04016685e-02  1.38341919e-01
    -2.84786317e-02 -1.09773114e-01  8.62857252e-02 -7.15675205e-02
     8.80822092e-02  1.32408619e-01  1.10560603e-01  8.94036368e-02
     6.69194236e-02 -9.08010080e-02  6.47909492e-02  7.75922760e-02
     1.04286131e-02 -1.04732543e-01 -3.24470848e-02  9.46094394e-02
     1.70926824e-02  2.47464497e-02  9.33888778e-02 -2.45228317e-02
     1.27890810e-01 -9.72020160e-03  8.23254958e-02 -2.29786467e-02]
   [-1.13662876e-01  1.15431368e-01 -1.03182219e-01 -4.39404845e-02
     3.21862958e-02 -1.32096559e-01  1.29627466e-01 -6.81578070e-02
    -9.36574638e-02 -9.43965614e-02  2.95940973e-03 -2.62677204e-02
    -7.40500167e-02 -1.01537466e-01  8.91593471e-02  5.25039174e-02
     1.18466504e-01 -2.91929059e-02 -5.67134842e-02  5.92492521e-02
     1.15212845e-02 -7.87032321e-02 -2.76311319e-02  6.96649253e-02
     1.11705095e-01 -1.29966423e-01  2.76162419e-02 -4.36728634e-02
     1.40523210e-01 -1.32425413e-01  1.76445041e-02 -8.16275850e-02]]

  [[ 1.19137213e-01 -1.20963626e-01  8.75034854e-02 -1.20551605e-02
     1.13256618e-01 -9.63575989e-02  4.71173748e-02  9.52300429e-02
    -4.36184630e-02  1.11541025e-01 -7.64555931e-02  5.04359230e-02
    -1.23954855e-01 -5.51927127e-02  1.30136847e-01 -5.85751608e-03
     1.13758899e-01  1.10410690e-01 -4.29791287e-02  1.71656646e-02
     9.65607539e-02  7.79578090e-02  9.59105268e-02  5.82290767e-03
    -7.05108568e-02 -1.20057151e-01  8.19626078e-02 -2.01415122e-02
    -6.92704599e-03 -3.89213040e-02  2.10431544e-03  1.25736102e-01]
   [-1.56181166e-02 -2.64209639e-02  9.27049145e-02  8.91523659e-02
    -1.04753107e-01  9.36225653e-02 -9.98517200e-02 -4.95153442e-02
    -9.23215896e-02 -1.26176640e-01 -5.39536625e-02 -9.24117416e-02
    -4.15398926e-02 -1.97886284e-02  4.54924405e-02 -8.12963918e-02
     1.04313932e-01 -7.77979344e-02  9.46540534e-02 -5.35807312e-02
    -9.16864425e-02 -1.22566834e-01 -8.00157664e-04  1.30028680e-01
     1.36205509e-01 -3.14509049e-02  8.76856819e-02 -1.31278425e-01
    -1.31060192e-02  1.21238507e-01 -6.31734207e-02 -3.84761095e-02]
   [ 2.86725834e-02 -2.26766225e-02  5.97296916e-02 -5.72907925e-02
     3.73711921e-02  1.31612709e-02  1.11980118e-01  2.22807005e-02
    -5.76001778e-02  1.55390650e-02 -1.03931315e-02 -8.26149955e-02
     5.92845082e-02  1.40562341e-01  1.29893094e-01  7.15817362e-02
     1.25361338e-01  5.69092818e-02 -3.50067690e-02 -5.53477556e-02
     7.87983909e-02  1.06548369e-01 -2.31485441e-02 -7.31739029e-02
     7.55044073e-03 -3.72700393e-02  2.91054305e-02 -1.28269985e-01
    -1.93467699e-02 -1.03653379e-01  7.44295642e-02  1.16742715e-01]]

  [[ 1.02651425e-01 -1.21996328e-01  1.49925202e-01 -1.19000904e-01
    -8.57527927e-02  1.02813825e-01  8.17620307e-02  8.48148763e-02
     8.31463262e-02 -1.12307668e-01 -9.56770107e-02  9.98087004e-02
    -5.52047640e-02 -3.78706260e-03  1.18192665e-01 -1.10575624e-01
    -5.32187931e-02 -1.05464488e-01 -2.28755232e-02  2.69974545e-02
    -1.23585895e-01 -7.42845312e-02  1.24138236e-01  6.97913170e-02
    -8.50107744e-02  2.42605433e-03 -6.70864657e-02  8.93506333e-02
    -4.65121679e-02  2.46630181e-02 -9.77722257e-02 -1.76960044e-02]
   [ 9.99413356e-02 -1.55460846e-03 -7.52839819e-02 -1.03270737e-02
     4.55215573e-02 -2.99964417e-02  6.32846430e-02 -8.61615688e-02
     6.45649284e-02  1.27108693e-01  1.28081992e-01 -5.90823255e-02
    -5.37977815e-02 -8.98350328e-02  9.90484431e-02  8.81887600e-02
    -4.19520922e-02 -1.17919251e-01  2.95917243e-02  1.20597385e-01
     2.31249798e-02 -3.74626443e-02  3.29940096e-02 -5.97487390e-02
    -1.22327022e-01  9.25828367e-02  6.93641528e-02 -3.00332066e-02
     7.57710859e-02  7.43292123e-02  4.18041907e-02 -7.47937262e-02]
   [-6.09670728e-02  8.78758654e-02 -6.59156218e-02  1.26857921e-01
     4.47036624e-02 -1.23197488e-01  1.12717658e-01 -6.29915744e-02
     1.37216121e-01  9.07866359e-02 -1.69035215e-02  6.85913190e-02
     8.01637769e-02  6.19320162e-02  3.28680426e-02  3.10554076e-02
     4.89541702e-02  9.61492285e-02  3.45454016e-03 -4.69979905e-02
    -1.03166766e-01 -1.11295581e-02  1.23452447e-01  1.26617000e-01
     1.42503411e-01 -3.79072577e-02  4.87794243e-02  2.85362080e-02
    -1.01805903e-01  5.06332181e-02  4.43580113e-02  2.90738158e-02]]]]
1
[-0.00051561  0.01593281  0.02100402  0.00898491  0.01176596 -0.00084168
  0.0241639   0.00248512  0.01822904  0.00017978  0.0155502  -0.00080008
  0.          0.01491564 -0.00333641 -0.00241971 -0.00326544  0.00045977
  0.0155074   0.02369134  0.00839774  0.         -0.00036956  0.00838425
  0.00889905  0.0041835  -0.00244358 -0.00233674  0.00286737  0.00200721
  0.00259205 -0.00267066]
